task,dataset,model,llm_name,semantic_encoder,mode,seq_len,pred_len,input_dim,output_dim,use_pattern,use_semantic,use_align,use_gate,use_llm,fewshot_ratio,noise_std,seed,best_epoch,test_mse,test_mae,test_nmae,params_total,params_trainable,elapsed_sec,run_dir
main,ETTm2,dlinear,qwen2p5_1p5b,mlp,M,96,96,7,7,0,0,0,0,0,1.0,0.0,42,3,0.1273806812388349,0.2429339041032641,0.3114943287987668,18624,18624,822.7269017696381,runs_icdm_psllm_parallel/main96/main_ETTm2_model-dlinear_llm-qwen2p5_1p5b_sem-mlp_mode-M_L96_H96_pat0_sem0_align0_gate0_llm0_fs1.0_noise0.0_seed42
